# input (shape [28, 28, 3]),
152,
217,
1,
180,
184,
194,
117,
36,
220,
158,
227,
49,
155,
210,
186,
68,
251,
53,
24,
150,
116,
147,
206,
53,
145,
107,
252,
101,
107,
248,
21,
253,
140,
200,
46,
24,
223,
180,
37,
214,
55,
253,
230,
42,
195,
91,
96,
228,
143,
3,
23,
189,
233,
227,
115,
5,
211,
224,
182,
135,
88,
201,
169,
69,
204,
247,
72,
17,
118,
37,
224,
229,
27,
117,
201,
129,
170,
140,
188,
24,
29,
29,
248,
183,
0,
12,
24,
221,
184,
71,
206,
240,
127,
154,
113,
248,
153,
13,
195,
136,
25,
136,
226,
152,
100,
232,
97,
50,
157,
227,
64,
211,
5,
8,
66,
77,
129,
125,
179,
102,
31,
83,
109,
250,
42,
207,
60,
200,
249,
157,
247,
199,
92,
48,
30,
108,
121,
242,
183,
213,
118,
115,
206,
8,
237,
213,
238,
22,
180,
66,
46,
160,
119,
166,
153,
247,
47,
24,
247,
90,
179,
137,
27,
74,
22,
181,
87,
79,
208,
215,
105,
15,
73,
198,
103,
136,
32,
249,
112,
225,
15,
99,
15,
41,
34,
196,
146,
231,
174,
92,
159,
175,
230,
135,
89,
31,
97,
95,
7,
234,
186,
203,
143,
132,
70,
180,
138,
22,
96,
51,
64,
0,
126,
214,
17,
79,
184,
211,
155,
113,
135,
40,
120,
97,
246,
84,
187,
108,
5,
190,
73,
127,
136,
42,
178,
191,
196,
3,
0,
185,
21,
10,
144,
7,
250,
48,
86,
231,
133,
228,
179,
4,
49,
201,
91,
251,
200,
141,
123,
129,
197,
247,
173,
225,
20,
40,
73,
58,
122,
92,
29,
212,
197,
111,
114,
129,
131,
25,
11,
164,
70,
246,
222,
9,
43,
137,
164,
207,
225,
221,
143,
182,
26,
25,
131,
29,
153,
16,
140,
58,
127,
143,
176,
130,
232,
6,
224,
11,
44,
2,
248,
123,
68,
95,
191,
227,
155,
86,
229,
31,
22,
84,
189,
43,
25,
197,
51,
138,
194,
93,
85,
224,
35,
43,
78,
104,
223,
82,
50,
23,
18,
13,
229,
60,
104,
233,
206,
29,
3,
92,
110,
173,
210,
38,
173,
101,
2,
165,
87,
81,
163,
171,
77,
161,
152,
127,
69,
107,
192,
121,
16,
157,
224,
254,
192,
81,
98,
195,
128,
205,
113,
158,
226,
138,
15,
205,
52,
91,
246,
15,
163,
200,
81,
185,
132,
240,
221,
239,
180,
206,
221,
199,
12,
75,
212,
89,
246,
11,
129,
149,
157,
222,
5,
252,
49,
144,
78,
35,
120,
178,
187,
161,
72,
61,
20,
112,
165,
166,
45,
169,
9,
158,
239,
98,
236,
9,
110,
19,
238,
139,
69,
50,
56,
55,
22,
21,
28,
225,
62,
244,
24,
27,
233,
109,
73,
166,
138,
11,
180,
217,
62,
118,
181,
31,
111,
78,
20,
106,
140,
21,
79,
24,
204,
136,
73,
38,
180,
165,
141,
253,
58,
4,
194,
101,
171,
18,
75,
92,
37,
85,
170,
12,
248,
78,
235,
80,
64,
117,
175,
47,
213,
149,
81,
161,
0,
127,
127,
225,
181,
207,
145,
15,
145,
99,
244,
148,
201,
230,
67,
99,
152,
197,
53,
53,
51,
16,
249,
59,
212,
102,
140,
220,
179,
169,
107,
170,
33,
246,
132,
148,
225,
228,
121,
90,
205,
42,
3,
66,
10,
55,
214,
158,
65,
82,
119,
212,
39,
142,
198,
1,
228,
147,
238,
76,
141,
110,
9,
33,
78,
218,
101,
115,
226,
218,
220,
154,
91,
30,
48,
47,
148,
202,
249,
76,
0,
20,
106,
241,
83,
176,
84,
192,
130,
54,
234,
201,
173,
158,
237,
71,
29,
115,
76,
238,
135,
33,
221,
146,
24,
155,
214,
89,
154,
211,
84,
76,
224,
159,
117,
185,
177,
140,
154,
31,
10,
29,
91,
36,
110,
164,
29,
49,
25,
113,
208,
6,
173,
128,
30,
64,
244,
17,
180,
19,
103,
208,
237,
10,
44,
135,
49,
63,
226,
65,
192,
46,
13,
204,
234,
216,
158,
67,
239,
69,
92,
30,
116,
218,
45,
229,
85,
97,
47,
37,
59,
172,
135,
103,
190,
66,
166,
18,
240,
10,
31,
20,
122,
219,
126,
178,
122,
238,
69,
22,
117,
125,
86,
222,
192,
36,
38,
42,
234,
26,
190,
148,
223,
125,
91,
11,
247,
38,
31,
140,
70,
73,
63,
178,
21,
194,
92,
45,
227,
46,
34,
78,
244,
58,
75,
102,
48,
5,
146,
243,
181,
22,
123,
146,
234,
159,
7,
155,
84,
4,
22,
208,
221,
13,
81,
178,
31,
192,
160,
246,
13,
61,
181,
110,
55,
77,
64,
139,
1,
57,
21,
30,
165,
251,
147,
221,
85,
5,
89,
220,
114,
152,
152,
39,
110,
80,
2,
223,
98,
126,
90,
66,
204,
154,
91,
61,
209,
94,
166,
142,
27,
79,
49,
159,
5,
177,
54,
3,
229,
64,
25,
140,
56,
133,
175,
251,
21,
14,
193,
214,
4,
156,
49,
35,
44,
32,
158,
161,
198,
199,
233,
210,
167,
153,
254,
56,
222,
94,
2,
172,
10,
154,
222,
181,
220,
53,
238,
80,
157,
50,
119,
56,
25,
19,
94,
242,
233,
67,
154,
209,
224,
184,
83,
209,
132,
225,
78,
225,
99,
166,
181,
43,
76,
82,
188,
97,
19,
70,
131,
199,
62,
207,
237,
223,
85,
87,
3,
249,
43,
187,
104,
11,
97,
29,
47,
148,
152,
71,
29,
186,
231,
75,
16,
191,
89,
247,
241,
25,
123,
72,
71,
214,
44,
133,
235,
161,
35,
143,
190,
75,
116,
24,
65,
10,
20,
7,
86,
66,
238,
29,
245,
50,
136,
133,
53,
227,
220,
141,
107,
97,
207,
75,
169,
44,
36,
14,
238,
0,
191,
154,
60,
130,
226,
94,
54,
9,
18,
205,
42,
133,
77,
144,
245,
102,
237,
116,
11,
218,
65,
217,
200,
36,
111,
23,
104,
143,
90,
64,
232,
192,
18,
33,
127,
194,
23,
127,
254,
57,
47,
170,
177,
91,
190,
219,
163,
87,
216,
20,
75,
69,
216,
176,
194,
56,
175,
25,
127,
20,
69,
16,
12,
222,
153,
223,
231,
51,
47,
149,
170,
115,
66,
24,
226,
105,
141,
203,
193,
99,
193,
182,
8,
229,
79,
91,
196,
118,
86,
40,
124,
48,
140,
80,
213,
55,
154,
122,
68,
208,
223,
108,
127,
227,
226,
224,
252,
100,
29,
252,
226,
27,
231,
61,
66,
84,
113,
219,
61,
135,
2,
165,
144,
124,
160,
236,
193,
61,
70,
36,
135,
69,
139,
150,
106,
145,
76,
182,
211,
110,
74,
60,
210,
46,
234,
89,
74,
103,
50,
197,
46,
216,
160,
73,
1,
118,
8,
240,
72,
9,
114,
92,
186,
147,
216,
108,
183,
113,
55,
201,
53,
245,
57,
144,
162,
186,
142,
129,
77,
197,
21,
68,
134,
160,
146,
177,
236,
20,
193,
68,
78,
106,
82,
91,
67,
13,
34,
150,
83,
86,
59,
13,
251,
48,
227,
128,
231,
60,
253,
207,
197,
73,
126,
193,
7,
4,
121,
62,
118,
233,
220,
217,
179,
243,
127,
46,
165,
150,
192,
248,
147,
98,
72,
114,
130,
76,
224,
2,
187,
211,
213,
121,
69,
235,
58,
210,
102,
190,
234,
41,
63,
244,
166,
43,
95,
238,
253,
95,
42,
98,
116,
230,
27,
184,
14,
238,
149,
226,
166,
178,
96,
6,
23,
144,
162,
6,
18,
153,
56,
162,
93,
254,
62,
77,
154,
223,
113,
46,
32,
72,
1,
35,
112,
77,
45,
28,
118,
143,
93,
178,
2,
119,
187,
24,
96,
70,
161,
59,
185,
149,
74,
76,
36,
79,
15,
226,
49,
6,
232,
206,
203,
73,
219,
207,
83,
227,
218,
162,
241,
30,
169,
11,
95,
20,
32,
17,
238,
135,
239,
230,
98,
68,
137,
206,
160,
75,
165,
243,
136,
101,
113,
13,
239,
133,
52,
113,
252,
44,
208,
6,
73,
239,
93,
140,
195,
106,
76,
184,
11,
63,
213,
94,
143,
57,
125,
237,
85,
237,
191,
29,
214,
212,
144,
136,
239,
6,
60,
235,
167,
54,
80,
220,
10,
30,
197,
200,
249,
114,
38,
101,
101,
225,
99,
120,
162,
59,
177,
124,
5,
145,
57,
91,
251,
88,
215,
77,
24,
66,
80,
129,
38,
12,
174,
147,
79,
52,
123,
141,
221,
181,
44,
162,
33,
71,
59,
108,
122,
210,
138,
106,
98,
112,
172,
213,
195,
238,
145,
27,
111,
153,
0,
35,
204,
226,
220,
99,
90,
179,
4,
244,
130,
217,
32,
54,
197,
236,
168,
248,
228,
207,
106,
14,
122,
105,
53,
159,
6,
156,
10,
136,
11,
179,
215,
9,
245,
3,
48,
159,
91,
202,
79,
145,
125,
61,
84,
191,
217,
234,
21,
219,
185,
212,
219,
106,
150,
161,
30,
47,
214,
223,
75,
201,
107,
103,
99,
137,
181,
174,
71,
77,
224,
79,
75,
112,
100,
12,
82,
152,
148,
92,
124,
139,
237,
40,
192,
250,
246,
122,
45,
39,
120,
176,
163,
217,
80,
23,
20,
114,
226,
201,
144,
97,
232,
104,
171,
135,
226,
59,
217,
232,
13,
158,
154,
117,
198,
130,
129,
70,
158,
163,
175,
37,
227,
2,
236,
38,
91,
12,
145,
140,
44,
36,
165,
59,
81,
0,
33,
158,
229,
83,
93,
59,
231,
220,
5,
195,
246,
76,
80,
151,
73,
8,
176,
171,
177,
77,
136,
253,
180,
151,
188,
88,
130,
112,
139,
115,
50,
152,
154,
211,
244,
99,
210,
247,
254,
194,
59,
163,
79,
215,
199,
124,
100,
61,
214,
28,
49,
112,
184,
224,
156,
181,
246,
4,
66,
107,
241,
165,
214,
199,
148,
95,
105,
81,
115,
90,
18,
146,
168,
213,
108,
202,
189,
32,
12,
64,
54,
91,
129,
94,
122,
172,
157,
97,
191,
28,
46,
239,
176,
131,
107,
211,
80,
90,
170,
151,
118,
114,
0,
185,
4,
91,
198,
216,
130,
166,
6,
6,
159,
170,
90,
250,
20,
151,
10,
52,
8,
96,
135,
18,
90,
79,
161,
41,
226,
150,
198,
58,
114,
14,
40,
169,
16,
142,
60,
166,
192,
79,
43,
34,
93,
112,
96,
248,
36,
1,
81,
231,
200,
95,
243,
173,
238,
247,
166,
220,
17,
11,
245,
125,
4,
97,
237,
79,
138,
228,
143,
34,
41,
193,
108,
160,
243,
149,
22,
153,
240,
145,
161,
147,
183,
205,
20,
209,
158,
192,
97,
216,
20,
135,
47,
226,
9,
253,
63,
142,
89,
182,
49,
243,
201,
181,
142,
110,
148,
217,
114,
70,
243,
230,
177,
48,
193,
189,
119,
101,
52,
50,
239,
114,
185,
191,
78,
219,
41,
101,
33,
130,
17,
111,
253,
206,
181,
115,
201,
214,
155,
24,
171,
223,
64,
57,
166,
67,
42,
95,
165,
194,
150,
76,
41,
173,
78,
6,
179,
185,
200,
151,
235,
94,
42,
87,
32,
234,
201,
239,
148,
97,
137,
142,
236,
89,
135,
221,
119,
108,
145,
196,
54,
199,
116,
193,
224,
242,
203,
222,
216,
128,
112,
248,
18,
173,
205,
194,
52,
176,
145,
161,
73,
7,
172,
119,
162,
107,
230,
215,
228,
110,
22,
221,
144,
47,
38,
162,
205,
33,
95,
194,
51,
142,
198,
71,
15,
242,
104,
171,
157,
107,
47,
5,
120,
49,
245,
151,
27,
112,
97,
47,
202,
37,
250,
180,
49,
182,
3,
218,
201,
133,
63,
24,
85,
235,
211,
242,
164,
96,
137,
172,
170,
141,
48,
95,
50,
236,
186,
7,
170,
63,
216,
84,
239,
130,
114,
56,
14,
59,
110,
208,
241,
222,
100,
187,
202,
228,
62,
81,
199,
91,
227,
14,
119,
153,
47,
209,
35,
142,
127,
0,
164,
247,
20,
49,
171,
58,
22,
34,
134,
57,
77,
152,
60,
97,
243,
95,
20,
49,
213,
82,
114,
94,
110,
77,
137,
245,
69,
83,
14,
16,
65,
248,
202,
8,
36,
76,
220,
189,
86,
3,
236,
147,
63,
7,
211,
124,
108,
153,
111,
2,
79,
213,
116,
86,
148,
78,
6,
60,
159,
43,
155,
123,
15,
230,
97,
79,
145,
214,
217,
230,
197,
231,
153,
161,
223,
55,
24,
223,
108,
109,
145,
36,
20,
244,
204,
200,
15,
174,
191,
247,
117,
201,
40,
210,
41,
162,
191,
60,
25,
38,
47,
203,
132,
160,
69,
167,
159,
126,
181,
8,
142,
113,
182,
243,
195,
54,
122,
174,
247,
155,
193,
217,
215,
207,
122,
29,
101,
142,
253,
54,
23,
224,
173,
118,
62,
161,
90,
76,
5,
90,
211,
67,
91,
240,
166,
202,
225,
48,
69,
120,
250,
150,
58,
119,
209,
247,
177,
127,
40,
129,
49,
24,
156,
72,
21,
175,
207,
223,
170,
106,
212,
108,
26,
228,
79,
195,
56,
54,
220,
32,
105,
88,
222,
79,
63,
0,
250,
147,
37,
65,
132,
140,
244,
241,
48,
153,
21,
66,
241,
34,
113,
48,
229,
61,
240,
196,
129,
98,
115,
141,
125,
148,
7,
198,
112,
157,
159,
67,
140,
183,
189,
182,
41,
248,
99,
159,
108,
143,
41,
5,
17,
123,
208,
120,
115,
181,
6,
83,
30,
112,
229,
92,
39,
184,
249,
173,
223,
21,
83,
18,
222,
75,
41,
6,
93,
221,
102,
11,
121,
251,
117,
67,
47,
140,
38,
227,
58,
27,
18,
53,
45,
108,
130,
102,
41,
1,
28,
13,
130,
73,
236,
205,
70,
92,
72,
220,
194,
30,
134,
181,
38,
65,
141,
23,
219,
54,
169,
55,
59,
185,
233,
160,
52,
106,
173,
245,
113,
99,
30,
174,
157,
214,
204,
179,
2,
150,
196,
243,
254,
226,
44,
134,
88,
65,
63,
38,
204,
23,
213,
186,
131,
114,
137,
106,
59,
239,
176,
120,
197,
4,
167,
232,
143,
188,
205,
254,
243,
93,
62,
35,
220,
6,
8,
205,
37,
29,
17,
141,
188,
92,
237,
214,
129,
37,
126,
179,
115,
62,
148,
208,
96,
73,
113,
251,
122,
49,
0,
95,
165,
162,
130,
178,
98,
98,
11,
147,
178,
2,
65,
108,
117,
40,
100,
251,
233,
7,
189,
154,
155,
206,
87,
236,
15,
147,
82,
39,
149,
16,
140,
83,
191,
50,
145,
244,
67,
169,
185,
90,
212,
22,
217,
120,
