# input (shape [28, 28, 3]),
187,
166,
85,
150,
54,
41,
33,
146,
30,
226,
180,
80,
103,
2,
218,
144,
112,
234,
32,
189,
180,
203,
170,
31,
162,
90,
171,
138,
108,
238,
173,
165,
21,
233,
130,
157,
112,
252,
107,
182,
86,
206,
35,
83,
18,
67,
220,
103,
166,
53,
149,
5,
29,
25,
180,
38,
11,
246,
213,
239,
117,
156,
191,
250,
234,
85,
203,
49,
23,
100,
93,
253,
149,
128,
117,
97,
34,
27,
3,
58,
222,
84,
34,
177,
192,
146,
44,
22,
122,
208,
120,
219,
16,
3,
247,
199,
115,
202,
68,
209,
11,
180,
173,
154,
153,
83,
39,
213,
145,
109,
190,
221,
59,
227,
131,
58,
8,
112,
203,
226,
157,
101,
78,
44,
164,
97,
9,
209,
106,
121,
226,
121,
46,
176,
10,
190,
152,
254,
98,
72,
241,
179,
109,
19,
40,
225,
210,
226,
55,
97,
219,
237,
96,
146,
203,
254,
6,
168,
147,
142,
137,
119,
105,
157,
188,
155,
111,
40,
44,
154,
35,
137,
151,
106,
160,
164,
244,
97,
190,
199,
33,
245,
107,
24,
161,
111,
249,
19,
128,
205,
156,
25,
29,
193,
35,
33,
170,
76,
152,
175,
124,
169,
49,
24,
88,
202,
151,
84,
122,
63,
108,
150,
196,
125,
180,
237,
128,
92,
198,
119,
77,
68,
226,
225,
177,
39,
130,
120,
14,
45,
22,
155,
70,
157,
3,
123,
133,
31,
215,
9,
82,
40,
230,
201,
101,
149,
111,
7,
139,
210,
170,
40,
13,
23,
253,
145,
82,
157,
150,
163,
74,
139,
89,
194,
61,
6,
244,
20,
210,
213,
224,
45,
141,
228,
93,
56,
69,
182,
46,
207,
216,
39,
142,
78,
44,
145,
85,
84,
51,
83,
85,
88,
11,
164,
26,
141,
80,
194,
217,
135,
233,
33,
128,
29,
146,
171,
113,
22,
136,
219,
169,
33,
216,
54,
151,
164,
79,
178,
192,
205,
178,
173,
171,
215,
129,
211,
227,
65,
222,
198,
121,
184,
210,
224,
166,
181,
117,
183,
146,
250,
0,
73,
170,
224,
20,
237,
241,
187,
194,
2,
233,
210,
19,
147,
24,
214,
125,
124,
12,
21,
98,
98,
90,
241,
220,
162,
254,
19,
101,
160,
57,
27,
222,
144,
193,
153,
90,
205,
217,
213,
230,
150,
211,
76,
134,
13,
188,
222,
218,
20,
239,
148,
89,
20,
218,
19,
240,
89,
85,
99,
6,
26,
148,
169,
18,
69,
79,
246,
185,
124,
40,
187,
45,
227,
19,
145,
40,
244,
109,
107,
230,
202,
219,
79,
28,
42,
229,
159,
26,
58,
185,
111,
233,
249,
33,
135,
97,
104,
150,
165,
190,
65,
42,
80,
174,
120,
232,
243,
252,
13,
114,
26,
71,
6,
44,
150,
141,
208,
224,
186,
168,
108,
64,
26,
183,
157,
223,
228,
31,
217,
126,
238,
4,
238,
184,
207,
204,
140,
33,
7,
5,
85,
215,
130,
73,
1,
240,
165,
68,
129,
139,
199,
171,
149,
110,
180,
17,
211,
186,
239,
179,
126,
14,
236,
217,
66,
188,
75,
63,
240,
121,
211,
12,
146,
44,
36,
41,
126,
125,
58,
110,
174,
201,
167,
223,
91,
142,
167,
146,
107,
246,
232,
42,
207,
30,
89,
204,
157,
244,
153,
176,
61,
117,
79,
238,
49,
59,
181,
94,
233,
204,
104,
190,
26,
219,
211,
180,
156,
5,
135,
110,
3,
220,
106,
80,
141,
82,
27,
82,
18,
60,
128,
250,
12,
127,
56,
172,
60,
161,
35,
52,
105,
189,
140,
13,
169,
148,
130,
18,
213,
167,
188,
148,
69,
24,
133,
149,
71,
84,
216,
54,
7,
4,
212,
22,
206,
128,
21,
78,
4,
213,
76,
25,
126,
90,
24,
30,
24,
227,
53,
28,
42,
57,
140,
6,
197,
249,
200,
10,
223,
35,
75,
223,
131,
135,
234,
230,
186,
49,
13,
111,
111,
27,
16,
230,
229,
13,
143,
185,
238,
155,
193,
167,
141,
122,
249,
194,
250,
215,
21,
132,
251,
121,
98,
49,
15,
80,
12,
37,
83,
16,
48,
39,
230,
155,
177,
96,
208,
24,
87,
84,
226,
1,
130,
166,
87,
133,
194,
229,
155,
97,
65,
102,
35,
234,
27,
81,
195,
157,
220,
62,
131,
73,
87,
62,
122,
167,
71,
237,
52,
129,
53,
97,
200,
173,
188,
62,
28,
15,
166,
108,
156,
146,
248,
20,
167,
118,
71,
41,
250,
22,
10,
125,
151,
8,
232,
90,
108,
62,
28,
136,
13,
15,
26,
104,
23,
50,
126,
70,
123,
124,
107,
164,
167,
157,
31,
14,
154,
76,
93,
81,
240,
10,
13,
113,
244,
96,
211,
56,
55,
188,
192,
120,
42,
128,
122,
107,
137,
32,
16,
58,
214,
60,
197,
213,
240,
145,
243,
24,
254,
215,
61,
48,
237,
142,
91,
61,
97,
64,
29,
190,
50,
72,
62,
246,
106,
18,
93,
113,
187,
95,
90,
118,
22,
159,
16,
17,
135,
131,
16,
46,
114,
71,
33,
120,
188,
179,
103,
196,
69,
134,
215,
13,
2,
115,
76,
18,
194,
198,
33,
148,
250,
172,
132,
29,
64,
3,
214,
14,
189,
70,
113,
10,
213,
65,
57,
227,
207,
153,
146,
1,
137,
209,
47,
122,
216,
63,
171,
7,
10,
130,
150,
169,
85,
156,
180,
69,
152,
129,
48,
113,
40,
172,
203,
125,
127,
69,
116,
117,
206,
139,
223,
246,
123,
80,
211,
222,
169,
208,
201,
81,
223,
42,
214,
12,
36,
104,
12,
134,
106,
164,
52,
25,
169,
9,
252,
245,
160,
239,
56,
83,
103,
130,
254,
207,
166,
180,
21,
146,
28,
39,
53,
191,
167,
18,
213,
182,
49,
84,
136,
229,
225,
236,
204,
65,
45,
192,
51,
244,
5,
48,
26,
22,
2,
220,
92,
252,
123,
177,
119,
12,
23,
74,
239,
198,
67,
156,
39,
142,
46,
153,
17,
127,
42,
166,
178,
223,
196,
191,
76,
207,
36,
96,
77,
223,
154,
226,
155,
171,
237,
205,
31,
34,
85,
164,
193,
244,
253,
153,
164,
110,
161,
147,
188,
117,
32,
58,
99,
144,
94,
9,
237,
97,
226,
221,
48,
151,
152,
58,
10,
18,
145,
207,
181,
1,
65,
9,
199,
253,
188,
0,
194,
142,
180,
201,
226,
240,
18,
228,
228,
235,
71,
33,
151,
124,
86,
3,
168,
20,
21,
6,
178,
176,
212,
105,
165,
154,
156,
129,
240,
153,
250,
63,
121,
234,
45,
19,
27,
248,
120,
190,
236,
131,
239,
233,
79,
0,
104,
46,
103,
120,
15,
243,
171,
178,
68,
100,
8,
148,
8,
212,
63,
119,
184,
171,
215,
77,
52,
118,
94,
164,
97,
5,
105,
12,
207,
95,
2,
190,
177,
141,
238,
140,
146,
182,
87,
210,
66,
137,
149,
173,
9,
89,
146,
164,
29,
120,
8,
120,
192,
216,
238,
208,
182,
45,
135,
171,
233,
147,
172,
202,
34,
60,
174,
177,
163,
140,
169,
136,
156,
183,
18,
171,
246,
167,
141,
239,
93,
93,
145,
190,
199,
172,
51,
134,
63,
37,
108,
83,
214,
217,
225,
35,
78,
145,
80,
146,
173,
242,
241,
98,
27,
134,
202,
239,
221,
5,
110,
29,
104,
9,
77,
41,
156,
243,
222,
178,
145,
203,
132,
190,
53,
50,
66,
82,
64,
21,
136,
198,
50,
31,
102,
137,
69,
40,
189,
54,
217,
20,
169,
115,
73,
151,
159,
133,
164,
219,
153,
3,
27,
146,
237,
10,
93,
100,
79,
253,
102,
216,
166,
23,
130,
63,
176,
199,
193,
31,
6,
204,
233,
68,
79,
142,
76,
40,
83,
39,
97,
108,
126,
97,
177,
241,
224,
123,
135,
184,
169,
13,
62,
29,
21,
162,
254,
203,
75,
30,
56,
148,
128,
95,
147,
174,
252,
187,
208,
229,
206,
150,
150,
206,
209,
157,
91,
147,
78,
169,
162,
39,
151,
0,
32,
212,
175,
51,
16,
160,
53,
116,
39,
19,
86,
39,
245,
79,
26,
32,
98,
44,
163,
164,
53,
216,
124,
103,
19,
183,
92,
13,
160,
156,
151,
0,
191,
109,
97,
58,
213,
160,
196,
153,
215,
157,
74,
173,
150,
67,
9,
238,
22,
30,
66,
136,
73,
4,
69,
141,
96,
204,
36,
74,
162,
252,
90,
197,
33,
44,
28,
0,
161,
114,
201,
101,
3,
44,
230,
130,
86,
34,
108,
140,
181,
188,
58,
145,
50,
16,
6,
50,
75,
128,
9,
107,
53,
11,
68,
240,
178,
242,
45,
97,
126,
11,
91,
40,
207,
37,
248,
201,
183,
203,
162,
35,
220,
199,
242,
68,
176,
0,
3,
140,
202,
122,
183,
41,
185,
33,
37,
232,
103,
3,
84,
193,
160,
135,
91,
32,
126,
21,
77,
28,
10,
57,
166,
118,
122,
103,
127,
19,
238,
28,
127,
39,
83,
74,
127,
74,
216,
43,
151,
213,
112,
149,
240,
33,
207,
40,
9,
95,
251,
102,
119,
145,
218,
165,
230,
75,
128,
223,
195,
77,
232,
132,
102,
241,
214,
22,
195,
4,
232,
205,
123,
149,
207,
42,
157,
213,
102,
200,
63,
182,
12,
153,
210,
9,
58,
237,
171,
12,
211,
142,
56,
108,
254,
161,
191,
210,
20,
254,
165,
75,
71,
162,
8,
232,
84,
98,
45,
97,
252,
62,
250,
71,
142,
248,
2,
184,
6,
153,
119,
217,
16,
166,
154,
254,
148,
237,
48,
166,
24,
227,
179,
228,
191,
249,
26,
201,
178,
92,
101,
42,
249,
168,
201,
99,
37,
66,
206,
232,
230,
38,
49,
100,
93,
22,
122,
237,
51,
239,
90,
60,
55,
50,
158,
33,
16,
13,
79,
66,
193,
217,
2,
175,
52,
114,
32,
95,
218,
50,
201,
61,
194,
216,
53,
17,
42,
139,
115,
121,
245,
134,
153,
231,
37,
206,
113,
207,
48,
54,
36,
75,
113,
10,
54,
161,
119,
135,
176,
116,
198,
110,
248,
89,
81,
40,
15,
226,
174,
41,
7,
46,
158,
33,
53,
10,
84,
46,
116,
223,
140,
184,
167,
166,
96,
153,
141,
134,
86,
9,
81,
183,
231,
229,
251,
65,
105,
82,
228,
70,
211,
105,
29,
166,
245,
154,
236,
172,
193,
5,
164,
197,
1,
60,
180,
17,
110,
172,
120,
246,
67,
174,
47,
32,
119,
110,
106,
117,
164,
133,
168,
238,
87,
210,
150,
132,
32,
62,
244,
21,
85,
67,
198,
34,
47,
99,
183,
155,
128,
247,
52,
84,
133,
8,
200,
164,
136,
250,
111,
234,
44,
249,
41,
76,
49,
228,
250,
66,
185,
51,
215,
100,
145,
153,
214,
62,
140,
220,
48,
166,
46,
0,
116,
250,
244,
11,
219,
54,
135,
21,
158,
164,
111,
30,
178,
54,
69,
232,
226,
234,
0,
16,
18,
195,
199,
22,
207,
240,
182,
118,
100,
33,
188,
78,
184,
218,
77,
240,
159,
28,
49,
138,
138,
25,
186,
76,
75,
50,
172,
117,
231,
213,
244,
244,
147,
89,
216,
116,
1,
153,
17,
37,
3,
19,
252,
132,
254,
153,
155,
64,
240,
180,
148,
47,
199,
141,
77,
49,
107,
38,
235,
243,
9,
51,
72,
237,
251,
46,
185,
172,
88,
143,
29,
127,
61,
240,
202,
90,
251,
13,
47,
22,
55,
230,
153,
78,
148,
59,
219,
92,
162,
210,
204,
1,
165,
210,
194,
247,
173,
37,
118,
218,
33,
57,
239,
122,
204,
148,
119,
33,
117,
182,
101,
188,
147,
52,
33,
53,
125,
26,
89,
148,
35,
63,
11,
100,
191,
21,
53,
144,
48,
18,
45,
156,
101,
45,
26,
175,
190,
231,
27,
159,
43,
186,
247,
222,
15,
18,
95,
89,
99,
251,
44,
20,
216,
123,
2,
242,
228,
53,
253,
25,
127,
102,
125,
43,
72,
221,
77,
77,
184,
74,
63,
140,
18,
14,
45,
139,
120,
63,
151,
227,
183,
234,
228,
13,
220,
55,
134,
27,
82,
225,
63,
224,
191,
88,
154,
206,
183,
220,
125,
84,
169,
164,
249,
68,
207,
43,
149,
179,
144,
180,
112,
218,
236,
235,
99,
12,
112,
139,
196,
139,
118,
178,
137,
127,
74,
50,
22,
192,
31,
138,
125,
57,
248,
85,
129,
30,
50,
28,
71,
106,
99,
141,
58,
246,
60,
11,
195,
39,
188,
63,
22,
81,
140,
65,
14,
32,
217,
185,
160,
50,
207,
138,
231,
134,
198,
211,
138,
51,
110,
23,
54,
187,
92,
173,
76,
73,
207,
55,
134,
118,
22,
130,
10,
176,
254,
124,
252,
232,
163,
30,
102,
252,
138,
94,
242,
84,
74,
205,
196,
38,
13,
150,
209,
168,
208,
151,
241,
124,
120,
174,
5,
62,
84,
87,
68,
43,
1,
126,
110,
124,
164,
165,
164,
40,
60,
159,
100,
114,
62,
65,
63,
122,
207,
224,
158,
178,
80,
1,
230,
195,
46,
25,
119,
135,
178,
195,
123,
11,
254,
11,
4,
44,
148,
103,
4,
138,
159,
8,
171,
70,
82,
151,
26,
180,
122,
161,
96,
247,
65,
203,
107,
41,
114,
11,
173,
133,
181,
142,
25,
254,
55,
106,
100,
128,
71,
101,
65,
148,
139,
20,
232,
173,
35,
154,
78,
55,
70,
145,
236,
131,
18,
61,
0,
122,
88,
158,
121,
54,
164,
1,
237,
228,
66,
55,
102,
202,
121,
229,
69,
185,
85,
242,
61,
137,
41,
118,
178,
196,
232,
57,
180,
214,
132,
79,
49,
74,
203,
238,
124,
49,
19,
200,
206,
242,
65,
161,
22,
38,
183,
52,
236,
160,
14,
150,
152,
42,
152,
214,
81,
188,
213,
194,
55,
116,
118,
182,
29,
224,
171,
36,
230,
244,
55,
116,
93,
235,
65,
203,
88,
164,
26,
96,
156,
251,
147,
240,
192,
162,
241,
144,
205,
123,
50,
135,
118,
177,
93,
245,
25,
143,
203,
67,
116,
156,
210,
231,
49,
140,
112,
21,
116,
246,
252,
114,
169,
99,
62,
34,
192,
198,
31,
67,
233,
116,
86,
111,
120,
197,
49,
24,
103,
85,
66,
240,
181,
44,
32,
115,
72,
131,
13,
249,
200,
50,
36,
32,
202,
137,
214,
114,
100,
130,
16,
151,
252,
127,
117,
235,
124,
201,
170,
156,
230,
196,
250,
61,
206,
213,
21,
167,
125,
92,
73,
154,
194,
186,
195,
37,
108,
173,
146,
